index_disease,gender_disease,age_disease,hgs_L+R_disease,disease_disease,propensity_scores_disease,index_control,gender_control,age_control,hgs_L+R_control,disease_control,propensity_scores_control,distance
1000505,0,68.41666666666667,48.0,1,0.0009919124828376659,2313271,0,68.41666666666667,41.0,0,0.0009919124828376659,0.0
1246564,0,61.25,56.0,1,0.0012794078004918804,2550839,0,61.25,48.0,0,0.0012794078004918804,0.0
1350259,0,55.333333333333336,50.0,1,0.0015784771094645691,1490294,0,55.333333333333336,38.0,0,0.0015784771094645691,0.0
1872273,0,65.75,50.0,1,0.0010904520350642874,1036371,0,65.75,36.0,0,0.0010904520350642874,0.0
2218036,0,65.83333333333333,48.0,1,0.001087229472754048,1474275,0,65.83333333333333,64.0,0,0.001087229472754048,0.0
2359749,0,62.16666666666666,42.0,1,0.0012384330803230268,1044720,0,62.16666666666666,34.0,0,0.0012384330803230268,0.0
2453494,0,57.41666666666666,60.0,1,0.0014659475891031389,1474681,0,57.41666666666666,46.0,0,0.0014659475891031389,0.0
2742352,0,54.16666666666666,40.0,1,0.0016452192343839344,2996414,0,54.16666666666666,58.0,0,0.0016452192343839344,0.0
2909676,0,60.25,17.0,1,0.0013256531351265226,2548848,0,60.25,50.0,0,0.0013256531351265226,0.0
3002352,0,62.083333333333336,50.0,1,0.0012421032548157545,1018677,0,62.083333333333336,36.0,0,0.0012421032548157545,0.0
3322352,0,63.833333333333336,56.0,1,0.001167262298134994,1071189,0,63.833333333333336,44.0,0,0.001167262298134994,0.0
3814115,0,68.83333333333333,36.0,1,0.0009773405822787688,1474314,0,68.83333333333333,26.0,0,0.0009773405822787688,0.0
4199756,0,49.333333333333336,62.0,1,0.0019530862631023697,4514441,0,49.333333333333336,50.0,0,0.0019530862631023697,0.0
4787989,0,59.583333333333336,46.0,1,0.0013574070704599774,2099768,0,59.583333333333336,55.0,0,0.0013574070704599774,0.0
4847434,0,66.41666666666667,35.0,1,0.0010649363413863452,3337549,0,66.41666666666667,42.0,0,0.0010649363413863452,0.0
5044035,0,68.0,37.0,1,0.0010067014278100994,1619761,0,68.0,45.0,0,0.0010067014278100994,0.0
5346381,0,65.5,16.0,1,0.001100177082379607,1019177,0,65.5,54.0,0,0.001100177082379607,0.0
5710750,0,61.5,33.0,1,0.0012681004493148905,1727259,0,61.5,46.0,0,0.0012681004493148905,0.0
5850745,0,51.5,58.0,1,0.0018085427393526904,1607803,0,51.5,50.0,0,0.0018085427393526904,0.0
