index_disease,gender_disease,age_disease,hgs_left_disease,disease_disease,propensity_scores_disease,index_control,gender_control,age_control,hgs_left_control,disease_control,propensity_scores_control,distance
1022359,1,64.16666666666667,40.0,1,0.0031255186399164725,1643577,1,64.16666666666667,28.0,0,0.0031255186399164725,0.0
1165127,1,78.58333333333333,48.0,1,0.009028422766915426,3356256,1,78.58333333333333,34.0,0,0.009028422766915426,0.0
1291988,1,69.58333333333333,32.0,1,0.004659228859935351,1181518,1,69.58333333333333,32.0,0,0.004659228859935351,0.0
1384770,1,75.08333333333333,28.0,1,0.006982926260580414,1068361,1,75.08333333333333,20.0,0,0.006982926260580414,0.0
1393201,1,66.0,32.0,1,0.003577978789970643,4633212,1,66.0,46.0,0,0.003577978789970643,0.0
1517325,1,73.41666666666667,23.0,1,0.006177778387477161,1406324,1,73.41666666666667,34.0,0,0.006177778387477161,0.0
1569706,1,73.58333333333333,38.0,1,0.0062539549264882584,1120667,1,73.58333333333333,44.0,0,0.0062539549264882584,0.0
1645955,1,62.333333333333336,30.0,1,0.0027301184340552836,1917200,1,62.333333333333336,36.0,0,0.0027301184340552836,0.0
1656270,1,80.75,26.0,1,0.010581686422327086,3778492,1,80.75,16.0,0,0.010581686422327086,0.0
1696056,1,55.16666666666666,30.0,1,0.0016083261583369733,1096427,1,55.16666666666666,48.0,0,0.0016083261583369733,0.0
1752926,1,83.08333333333333,30.0,1,0.0125507504008384,2196326,1,83.0,35.0,0,0.012474563090954151,0.0833333333333286
1791193,1,77.08333333333333,24.0,1,0.008087654273565423,4602490,1,77.08333333333333,39.0,0,0.008087654273565423,0.0
1856634,1,66.66666666666667,36.0,1,0.0037582186533686745,1557866,1,66.66666666666667,20.0,0,0.0037582186533686745,0.0
1861436,1,70.83333333333333,32.0,1,0.005108411188239568,1200065,1,70.83333333333333,32.0,0,0.005108411188239568,0.0
1897596,1,75.91666666666667,28.0,1,0.007423747293363634,3136507,1,75.91666666666667,26.0,0,0.007423747293363634,0.0
1928078,1,58.75,26.0,1,0.002095607354571821,4968117,1,58.75,38.0,0,0.002095607354571821,0.0
1950611,1,55.083333333333336,38.0,1,0.0015984555476027636,1743209,1,55.083333333333336,54.0,0,0.0015984555476027636,0.0
2123582,1,61.083333333333336,46.0,1,0.0024895359702811664,4010349,1,61.083333333333336,53.0,0,0.0024895359702811664,0.0
2502129,1,74.41666666666667,40.0,1,0.006649065291620154,5492135,1,74.41666666666667,36.0,0,0.006649065291620154,0.0
2590464,1,80.5,39.0,1,0.010389760946661351,1174059,1,80.5,25.0,0,0.010389760946661351,0.0
2701289,1,75.08333333333333,28.0,1,0.006982926260580414,1068361,1,75.08333333333333,20.0,0,0.006982926260580414,0.0
2760717,1,63.0,42.0,1,0.002867770450407145,1426549,1,63.0,25.0,0,0.002867770450407145,0.0
2816081,1,65.08333333333333,34.0,1,0.0033441308188541033,2925577,1,65.08333333333333,57.0,0,0.0033441308188541033,0.0
2975838,1,74.0,34.0,1,0.006448504313747912,2593674,1,74.0,42.0,0,0.006448504313747912,0.0
3019099,1,65.33333333333333,30.0,1,0.0034063534681147544,1166553,1,65.33333333333333,50.0,0,0.0034063534681147544,0.0
3076371,1,78.33333333333333,30.0,1,0.008864417228867284,5415042,1,78.33333333333333,28.0,0,0.008864417228867284,0.0
3127312,1,61.083333333333336,32.0,1,0.0024895359702811664,4010349,1,61.083333333333336,53.0,0,0.0024895359702811664,0.0
3347997,1,67.25,32.0,1,0.003923331913663258,1387746,1,67.25,44.0,0,0.003923331913663258,0.0
3643523,1,70.25,31.0,1,0.0048936689442287675,2818058,1,70.25,37.0,0,0.0048936689442287675,0.0
3676330,1,59.583333333333336,42.0,1,0.00222859213477997,1098799,1,59.583333333333336,40.0,0,0.00222859213477997,0.0
3732801,1,80.0,30.0,1,0.010016184923280125,2088339,1,80.0,18.0,0,0.010016184923280125,0.0
3948605,1,65.5,45.0,1,0.003448474884700917,2150857,1,65.5,29.0,0,0.003448474884700917,0.0
3977079,1,66.5,29.0,1,0.0037123279634152383,1054526,1,66.5,39.0,0,0.0037123279634152383,0.0
3982297,1,57.333333333333336,40.0,1,0.0018874564616460875,1891429,1,57.333333333333336,25.0,0,0.0018874564616460875,0.0
4082793,1,59.0,42.0,1,0.002134649078175115,4811814,1,59.0,44.0,0,0.002134649078175115,0.0
4165867,1,70.5,30.0,1,0.004984578916124531,2864486,1,70.5,30.0,0,0.004984578916124531,0.0
4218228,1,74.66666666666667,31.0,1,0.006772363429788835,1181347,1,74.66666666666667,38.0,0,0.006772363429788835,0.0
4241057,1,68.08333333333333,24.0,1,0.004171817061277105,1122033,1,68.08333333333333,30.0,0,0.004171817061277105,0.0
4344927,1,72.91666666666667,32.0,1,0.005954737836194419,1035559,1,72.91666666666667,35.0,0,0.005954737836194419,0.0
4358562,1,79.83333333333333,50.0,1,0.00989463868197101,3938133,1,79.83333333333333,22.0,0,0.00989463868197101,0.0
4851688,1,78.25,31.0,1,0.008810407552143643,1383003,1,78.25,34.0,0,0.008810407552143643,0.0
5083736,1,60.75,28.0,1,0.002429032485461141,1939311,1,60.75,40.0,0,0.002429032485461141,0.0
5089484,1,68.41666666666667,38.0,1,0.00427554459113095,3056012,1,68.41666666666667,25.0,0,0.00427554459113095,0.0
5116684,1,72.08333333333333,44.0,1,0.005600654174386833,4015901,1,72.08333333333333,30.0,0,0.005600654174386833,0.0
5242806,1,72.5,40.0,1,0.005774998644092186,1318492,1,72.5,32.0,0,0.005774998644092186,0.0
5343013,1,76.91666666666667,40.0,1,0.007989321857060123,1958435,1,76.91666666666667,40.0,0,0.007989321857060123,0.0
5489069,1,73.0,34.0,1,0.0059913474647114474,1456627,1,73.0,38.0,0,0.0059913474647114474,0.0
5574596,1,62.16666666666666,44.0,1,0.0026967476423839093,2362828,1,62.16666666666666,36.0,0,0.0026967476423839093,0.0
5634335,1,55.66666666666666,41.0,1,0.0016688409067878835,1666911,1,55.66666666666666,40.0,0,0.0016688409067878835,0.0
5653128,1,81.16666666666667,26.0,1,0.010909385868321082,1625845,1,81.16666666666667,30.0,0,0.010909385868321082,0.0
5829084,1,67.33333333333333,38.0,1,0.003947502088460136,2560896,1,67.33333333333333,32.0,0,0.003947502088460136,0.0
5843914,1,65.33333333333333,29.0,1,0.0034063534681147544,1166553,1,65.33333333333333,50.0,0,0.0034063534681147544,0.0
5898918,1,71.75,32.0,1,0.005464955054579121,3063093,1,71.75,38.0,0,0.005464955054579121,0.0
5903027,1,62.833333333333336,40.0,1,0.002832721889444664,3964833,1,62.833333333333336,32.0,0,0.002832721889444664,0.0
5910991,1,57.91666666666666,41.0,1,0.0019705423837837023,2002795,1,57.91666666666666,36.0,0,0.0019705423837837023,0.0
5951727,1,81.83333333333333,38.0,1,0.011454698070485164,2061308,1,81.83333333333333,20.0,0,0.011454698070485164,0.0
6023201,1,66.83333333333333,26.0,1,0.0038046744639457387,1114966,1,66.83333333333333,38.0,0,0.0038046744639457387,0.0
