index_disease,gender_disease,age_disease,hgs_right_disease,disease_disease,propensity_scores_disease,index_control,gender_control,age_control,hgs_right_control,disease_control,propensity_scores_control,distance
1000505,0,79.16666666666667,20.0,1,0.006579967997332332,4495430,0,79.16666666666667,22.0,0,0.006579967997332332,0.0
1246564,0,68.75,29.0,1,0.001504547215063584,1380366,0,68.75,20.0,0,0.001504547215063584,0.0
1350259,0,65.66666666666667,28.0,1,0.0009711817861397985,1191592,0,65.66666666666667,13.0,0,0.0009711817861397985,0.0
1872273,0,77.33333333333333,40.0,1,0.005078159673446141,4598126,0,77.33333333333333,20.0,0,0.005078159673446141,0.0
2218036,0,79.08333333333333,22.0,1,0.006502991447951914,2309945,0,79.08333333333333,24.0,0,0.006502991447951914,0.0
2359749,0,71.41666666666667,22.0,1,0.002196447095759137,3680942,0,71.41666666666667,26.0,0,0.002196447095759137,0.0
2453494,0,66.5,24.0,1,0.001093175736916585,2315564,0,66.5,28.0,0,0.001093175736916585,0.0
2742352,0,55.833333333333336,24.0,1,0.00024021315217065767,1124831,0,55.833333333333336,30.0,0,0.00024021315217065767,0.0
2909676,0,68.16666666666667,10.0,1,0.0013849945790627837,1022386,0,68.16666666666667,32.0,0,0.0013849945790627837,0.0
3002352,0,72.91666666666667,23.0,1,0.0027170060063162285,1018650,0,72.91666666666667,28.0,0,0.0027170060063162285,0.0
3322352,0,72.0,30.0,1,0.00238587690732584,2497696,0,72.0,15.0,0,0.00238587690732584,0.0
3814115,0,81.16666666666667,21.0,1,0.008724632869899733,2864678,0,81.16666666666667,21.0,0,0.008724632869899733,0.0
4199756,0,57.41666666666666,20.0,1,0.0003008231022358863,1474681,0,57.41666666666666,22.0,0,0.0003008231022358863,0.0
4787989,0,68.91666666666667,18.0,1,0.001540560134418947,1010304,0,68.91666666666667,27.0,0,0.001540560134418947,0.0
4847434,0,77.16666666666667,20.0,1,0.004959860820298685,1807945,0,77.16666666666667,20.0,0,0.004959860820298685,0.0
5044035,0,81.5,22.0,1,0.009144086983131855,2362048,0,81.5,25.0,0,0.009144086983131855,0.0
5346381,0,73.5,18.0,1,0.0029511979795238705,1639240,0,73.5,26.0,0,0.0029511979795238705,0.0
5710750,0,67.66666666666667,20.0,1,0.0012901013975183944,1180000,0,67.66666666666667,30.0,0,0.0012901013975183944,0.0
5850745,0,61.5,29.0,1,0.0005373739580955991,1727259,0,61.5,24.0,0,0.0005373739580955991,0.0
