index_disease,gender_disease,age_disease,hgs_L+R_disease,disease_disease,propensity_scores_disease,index_control,gender_control,age_control,hgs_L+R_control,disease_control,propensity_scores_control,distance
1022359,1,52.833333333333336,81.0,1,0.009053199241413921,1852091,1,52.833333333333336,86.0,0,0.009053199241413921,0.0
1165127,1,69.75,86.0,1,0.002027450744613431,1974465,1,69.75,66.0,0,0.002027450744613431,0.0
1291988,1,64.41666666666667,50.0,1,0.0032528454357870456,3174590,1,64.41666666666667,90.0,0,0.0032528454357870456,0.0
1384770,1,63.91666666666666,70.0,1,0.003400144480064784,4356115,1,63.91666666666666,85.0,0,0.003400144480064784,0.0
1393201,1,52.16666666666666,65.0,1,0.009600481110820727,5149382,1,52.16666666666666,69.0,0,0.009600481110820727,0.0
1517325,1,66.83333333333333,70.0,1,0.002625803738320686,1114966,1,66.83333333333333,86.0,0,0.002625803738320686,0.0
1569706,1,65.83333333333333,66.0,1,0.0028691453278389496,1039955,1,65.83333333333333,66.0,0,0.0028691453278389496,0.0
1645955,1,52.75,59.0,1,0.009119881760817707,1521918,1,52.75,93.0,0,0.009119881760817707,0.0
1656270,1,70.0,65.0,1,0.0019829903259746895,1451791,1,70.0,64.0,0,0.0019829903259746895,0.0
1696056,1,45.0,68.0,1,0.01799707269440403,5376982,1,45.41666666666666,102.0,0,0.01735418894943677,0.4166666666666572
1752926,1,69.58333333333333,75.0,1,0.0020576423166335715,1181518,1,69.58333333333333,72.0,0,0.0020576423166335715,0.0
1791193,1,65.41666666666667,54.0,1,0.002977058147217193,1680481,1,65.41666666666667,82.0,0,0.002977058147217193,0.0
1856634,1,58.75,86.0,1,0.005370957117477337,4968117,1,58.75,79.0,0,0.005370957117477337,0.0
1861436,1,59.5,80.0,1,0.005026375430173748,2005004,1,59.5,116.0,0,0.005026375430173748,0.0
1897596,1,64.75,98.0,1,0.003158197211941686,1382265,1,64.75,52.0,0,0.003158197211941686,0.0
1928078,1,47.5,62.0,1,0.014463426421300876,3770620,1,47.5,102.0,0,0.014463426421300876,0.0
1950611,1,48.41666666666666,66.0,1,0.013346979455358687,3613495,1,48.41666666666666,120.0,0,0.013346979455358687,0.0
2123582,1,48.25,106.0,1,0.013543447042642348,1666896,1,48.25,86.0,0,0.013543447042642348,0.0
2502129,1,63.66666666666666,108.0,1,0.0034762680897916466,5110195,1,63.66666666666666,78.0,0,0.0034762680897916466,0.0
2590464,1,69.25,92.0,1,0.0021193780611554365,1341223,1,69.25,58.0,0,0.0021193780611554365,0.0
2701289,1,62.91666666666666,90.0,1,0.0037149793995151126,1180571,1,62.91666666666666,86.0,0,0.0037149793995151126,0.0
2760717,1,52.41666666666666,105.0,1,0.009391512847077054,4589920,1,52.41666666666666,96.0,0,0.009391512847077054,0.0
2816081,1,56.333333333333336,60.0,1,0.006649170907100251,1335851,1,56.333333333333336,63.0,0,0.006649170907100251,0.0
2975838,1,63.583333333333336,70.0,1,0.0035020181644470423,2149633,1,63.583333333333336,98.0,0,0.0035020181644470423,0.0
3019099,1,62.5,70.0,1,0.0038545823162866684,1021580,1,62.5,70.0,0,0.0038545823162866684,0.0
3076371,1,65.83333333333333,70.0,1,0.0028691453278389496,1039955,1,65.83333333333333,66.0,0,0.0028691453278389496,0.0
3127312,1,51.333333333333336,81.0,1,0.010330852388814144,5899561,1,51.333333333333336,96.0,0,0.010330852388814144,0.0
3347997,1,60.91666666666666,69.0,1,0.004434403460553474,1532033,1,60.91666666666666,75.0,0,0.004434403460553474,0.0
3643523,1,61.333333333333336,56.0,1,0.0042738910317367445,2332764,1,61.333333333333336,87.0,0,0.0042738910317367445,0.0
3676330,1,51.16666666666666,92.0,1,0.010483394306107447,1243960,1,51.16666666666666,81.0,0,0.010483394306107447,0.0
3732801,1,69.41666666666667,70.0,1,0.002088282542522113,1135391,1,69.41666666666667,50.0,0,0.002088282542522113,0.0
3948605,1,55.583333333333336,108.0,1,0.007104208522669477,1890985,1,55.583333333333336,68.0,0,0.007104208522669477,0.0
3977079,1,63.66666666666666,64.0,1,0.0034762680897916466,5110195,1,63.66666666666666,78.0,0,0.0034762680897916466,0.0
3982297,1,46.16666666666666,106.0,1,0.016253368420547636,5915752,1,46.16666666666666,85.0,0,0.016253368420547636,0.0
4082793,1,56.66666666666666,72.0,1,0.006456339730386337,4530732,1,56.66666666666666,78.0,0,0.006456339730386337,0.0
4165867,1,61.41666666666666,86.0,1,0.004242489597241571,2485674,1,61.41666666666666,98.0,0,0.004242489597241571,0.0
4218228,1,64.75,76.0,1,0.003158197211941686,1382265,1,64.75,52.0,0,0.003158197211941686,0.0
4241057,1,60.41666666666666,60.0,1,0.004634958357140668,3297457,1,60.41666666666666,105.0,0,0.004634958357140668,0.0
4344927,1,65.83333333333333,74.0,1,0.0028691453278389496,1039955,1,65.83333333333333,66.0,0,0.0028691453278389496,0.0
4358562,1,68.66666666666667,92.0,1,0.0022318959569128825,1635340,1,68.66666666666667,85.0,0,0.0022318959569128825,0.0
4851688,1,67.25,69.0,1,0.0025305909212997844,1387746,1,67.25,90.0,0,0.0025305909212997844,0.0
5083736,1,53.66666666666666,100.0,1,0.008412387766310689,1420172,1,53.66666666666666,97.0,0,0.008412387766310689,0.0
5089484,1,63.41666666666666,64.0,1,0.0035540899033659366,2626553,1,63.41666666666666,80.0,0,0.0035540899033659366,0.0
5116684,1,60.75,84.0,1,0.00450027628816362,1939311,1,60.75,88.0,0,0.00450027628816362,0.0
5242806,1,62.41666666666666,79.0,1,0.0038831237923677864,2419464,1,62.41666666666666,78.0,0,0.0038831237923677864,0.0
5343013,1,67.0,93.0,1,0.002587297206431874,1766511,1,67.0,62.0,0,0.002587297206431874,0.0
5489069,1,60.5,94.0,1,0.004600916321226083,1053195,1,60.5,66.0,0,0.004600916321226083,0.0
5574596,1,54.25,88.0,1,0.00799078441251626,1050347,1,54.25,88.0,0,0.00799078441251626,0.0
5634335,1,50.333333333333336,97.0,1,0.011280169533294146,3100065,1,50.333333333333336,100.0,0,0.011280169533294146,0.0
5653128,1,66.58333333333333,62.0,1,0.0026846378401332006,2971782,1,66.58333333333333,40.0,0,0.0026846378401332006,0.0
5829084,1,57.91666666666666,77.0,1,0.00578143920342153,2002795,1,57.91666666666666,68.0,0,0.00578143920342153,0.0
5843914,1,57.16666666666666,65.0,1,0.006177462684868774,2236587,1,57.16666666666666,96.0,0,0.006177462684868774,0.0
5898918,1,61.91666666666666,54.0,1,0.0040588475960336564,1485971,1,61.91666666666666,60.0,0,0.0040588475960336564,0.0
5903027,1,53.41666666666666,89.0,1,0.008599758889429382,1102557,1,53.41666666666666,105.0,0,0.008599758889429382,0.0
5910991,1,47.25,114.0,1,0.014783564397732183,1632553,1,47.25,78.0,0,0.014783564397732183,0.0
5951727,1,69.33333333333333,87.0,1,0.002103772971527926,3103627,1,69.33333333333333,76.0,0,0.002103772971527926,0.0
6023201,1,61.75,66.0,1,0.0041191646438566345,1598122,1,61.75,95.0,0,0.0041191646438566345,0.0
