index_disease,gender_disease,bmi_disease,hgs_L+R_disease,disease_disease,propensity_scores_disease,index_control,gender_control,bmi_control,hgs_L+R_control,disease_control,propensity_scores_control,distance
1000505,0,25.0223,38.0,1,0.001172638914749758,1375885,0,25.0223,52.0,0,0.001172638914749758,0.0
1246564,0,37.9326,51.0,1,0.001908796893715439,5101291,0,37.9341,44.0,0,0.0019089049066570434,0.0015000000000000568
1350259,0,26.3496,48.0,1,0.001232891952612248,1249942,0,26.3493,49.0,0,0.001232877990524236,0.0002999999999993008
1872273,0,23.8343,78.0,1,0.0011212082484183335,2490461,0,23.8343,57.0,0,0.0011212082484183335,0.0
2218036,0,34.6505,45.0,1,0.0016864852170445572,4090005,0,34.6505,39.0,0,0.0016864852170445572,0.0
2359749,0,26.9395,42.0,1,0.0012606537984074918,3107266,0,26.9395,53.0,0,0.0012606537984074918,0.0
2453494,0,19.4118,46.0,1,0.0009487860454020334,3357907,0,19.4141,38.0,0,0.0009488684487848516,0.002300000000001745
2742352,0,25.2305,48.0,1,0.001181891937376468,4003797,0,25.2305,38.0,0,0.001181891937376468,0.0
2909676,0,33.1034,18.0,1,0.0015908503487182498,1855588,0,33.1048,46.0,0,0.00159093439522984,0.0013999999999967372
3002352,0,21.0727,43.0,1,0.0010101930410682212,5525515,0,21.0727,44.0,0,0.0010101930410682212,0.0
3322352,0,19.7578,56.0,1,0.0009612630930924107,3136612,0,19.7572,44.0,0,0.00096124131533002,0.0005999999999986017
3814115,0,26.0197,37.0,1,0.0012176333145698227,1518537,0,26.0197,60.0,0,0.0012176333145698227,0.0
4199756,0,24.6953,42.0,1,0.0011582519206951903,5408382,0,24.6953,31.0,0,0.0011582519206951903,0.0
4787989,0,26.2259,32.0,1,0.0012271482898706366,3247016,0,26.2259,40.0,0,0.0012271482898706366,0.0
4847434,0,23.6146,36.0,1,0.001111946913233702,1788408,0,23.6146,50.0,0,0.001111946913233702,0.0
5044035,0,32.9675,40.0,1,0.0015827128990698303,5333273,0,32.9676,62.0,0,0.0015827188715865656,9.999999999621423e-05
5346381,0,24.6247,34.0,1,0.0011551689543891608,1921597,0,24.6249,24.0,0,0.0011551776764174662,0.00019999999999953388
5710750,0,29.6068,36.0,1,0.0013941838925736107,2988781,0,29.6068,61.0,0,0.0013941838925736107,0.0
5850745,0,26.391,51.0,1,0.001234820236173911,5015824,0,26.3903,49.0,0,0.0012347876073241983,0.0006999999999983686
