index_disease,gender_disease,bmi_disease,hgs_right_disease,disease_disease,propensity_scores_disease,index_control,gender_control,bmi_control,hgs_right_control,disease_control,propensity_scores_control,distance
1022359,1,24.3037,45.0,1,0.004258021282063583,2685431,1,24.3037,46.0,0,0.004258021282063583,0.0
1165127,1,29.339,44.0,1,0.0035115598808905745,1161712,1,29.3384,48.0,0,0.0035116405616156536,0.0005999999999986017
1291988,1,28.7673,34.0,1,0.0035892788661243866,1623241,1,28.7673,44.0,0,0.0035892788661243866,0.0
1384770,1,20.9071,35.0,1,0.004848811612599878,4632573,1,20.9071,25.0,0,0.004848811612599878,0.0
1393201,1,26.8917,36.0,1,0.0038564904814067783,4453690,1,26.8917,38.0,0,0.0038564904814067783,0.0
1517325,1,26.3948,29.0,1,0.003930543888512407,2318617,1,26.3948,50.0,0,0.003930543888512407,0.0
1569706,1,21.2245,34.0,1,0.004790312102055412,2019365,1,21.2245,42.0,0,0.004790312102055412,0.0
1645955,1,25.4307,34.0,1,0.0040782882246814915,5644811,1,25.4313,38.0,0,0.00407819457838051,0.0005999999999986017
1656270,1,26.0748,30.0,1,0.003978981788409476,4190108,1,26.0753,37.0,0,0.003978905642330153,0.0004999999999988347
1696056,1,34.9714,30.0,1,0.0028300811759285217,2187890,1,34.9778,54.0,0,0.0028293872131747136,0.006399999999999295
1752926,1,22.9181,32.0,1,0.004489838633338825,1513784,1,22.9181,34.0,0,0.004489838633338825,0.0
1791193,1,27.3115,28.0,1,0.0037950115424205074,2200576,1,27.3115,38.0,0,0.0037950115424205074,0.0
1856634,1,22.2103,45.0,1,0.004613062267800468,3489407,1,22.2107,40.0,0,0.004612991688204883,0.00039999999999906777
1861436,1,33.6853,32.0,1,0.0029730356337178392,5291257,1,33.687,52.0,0,0.0029728419990718833,0.0016999999999995907
1897596,1,26.142,27.0,1,0.003968760755474298,1853239,1,26.142,48.0,0,0.003968760755474298,0.0
1928078,1,24.544,22.0,1,0.004219048355269972,4253023,1,24.544,29.0,0,0.004219048355269972,0.0
1950611,1,29.6694,36.0,1,0.003467411094007269,1820867,1,29.6694,42.0,0,0.003467411094007269,0.0
2123582,1,31.2929,36.0,1,0.00325838296773943,5001643,1,31.2939,44.0,0,0.003258258166857095,0.0010000000000012221
2502129,1,26.617,49.0,1,0.0038972557691517454,4435024,1,26.62,42.0,0,0.003896808261269618,0.0030000000000001137
2590464,1,23.3969,42.0,1,0.004408346033768517,3239044,1,23.3969,30.0,0,0.004408346033768517,0.0
2701289,1,26.5793,35.0,1,0.003902883817127023,5688879,1,26.5791,28.0,0,0.0039029136957229225,0.00019999999999953388
2760717,1,35.5266,51.0,1,0.0027705067161520984,4626506,1,35.5397,38.0,0,0.002769116257295179,0.013100000000001444
2816081,1,23.5294,30.0,1,0.004386055596491714,4354287,1,23.5294,22.0,0,0.004386055596491714,0.0
2975838,1,23.1373,24.0,1,0.0044523459302678306,1797871,1,23.1373,53.0,0,0.0044523459302678306,0.0
3019099,1,30.8069,36.0,1,0.0033196035186484297,4184919,1,30.8043,32.0,0,0.0033199340999301697,0.002599999999997493
3076371,1,24.7598,40.0,1,0.004184351777751366,6002222,1,24.7598,35.0,0,0.004184351777751366,0.0
3127312,1,21.9723,34.0,1,0.004655248283947509,3249589,1,21.9723,52.0,0,0.004655248283947509,0.0
3347997,1,20.7869,32.0,1,0.004871150611497127,2313393,1,20.7851,48.0,0,0.004871485916073214,0.0017999999999993577
3643523,1,31.751,28.0,1,0.003201707649780852,5150905,1,31.751,55.0,0,0.003201707649780852,0.0
3676330,1,25.7999,55.0,1,0.004021067431479157,5637130,1,25.7996,37.0,0,0.0040211136011175635,0.0002999999999993008
3732801,1,22.4567,30.0,1,0.004569788209564738,5244827,1,22.4551,44.0,0,0.004570067902392197,0.0015999999999998238
3948605,1,24.281,46.0,1,0.004261721348709492,3958694,1,24.2814,50.0,0,0.004261656121595701,0.0004000000000026205
3977079,1,25.5706,31.0,1,0.004056510891579982,6021986,1,25.5709,40.0,0,0.004056464317172131,0.00030000000000285354
3982297,1,22.3279,45.0,1,0.004592358094062702,3580957,1,22.3279,28.0,0,0.004592358094062702,0.0
4082793,1,30.219,31.0,1,0.0033951942928953324,4615481,1,30.219,30.0,0,0.0033951942928953324,0.0
4165867,1,27.9402,25.0,1,0.003704760905403987,5083151,1,27.9402,50.0,0,0.003704760905403987,0.0
4218228,1,25.619,30.0,1,0.004049003770876987,3373844,1,25.6194,46.0,0,0.004048941786240406,0.00039999999999906777
4241057,1,29.348,25.0,1,0.003510349891645949,2437301,1,29.3504,32.0,0,0.0035100272980200776,0.002400000000001512
4344927,1,23.5245,26.0,1,0.004386877920442657,1262106,1,23.5245,40.0,0,0.004386877920442657,0.0
4358562,1,23.8756,50.0,1,0.004328342691356555,4153088,1,23.8756,35.0,0,0.004328342691356555,0.0
4851688,1,21.7849,33.0,1,0.004688735362597481,2012777,1,21.7849,24.0,0,0.004688735362597481,0.0
5083736,1,22.427,40.0,1,0.0045749827861433605,2036339,1,22.4277,35.0,0,0.004574860287439048,0.0007000000000019213
5089484,1,20.9029,38.0,1,0.004849590455027269,5997166,1,20.9024,38.0,0,0.004849683182655895,0.0004999999999988347
5116684,1,32.7333,34.0,1,0.0030834702384081657,4772573,1,32.7322,39.0,0,0.0030836001780282225,0.001100000000000989
5242806,1,26.8745,40.0,1,0.0038590304378653224,1702444,1,26.8745,40.0,0,0.0038590304378653224,0.0
5343013,1,24.6559,40.0,1,0.004201021329134231,4434343,1,24.6559,44.0,0,0.004201021329134231,0.0
5489069,1,28.8447,36.0,1,0.003578657345084881,4086164,1,28.8453,62.0,0,0.0035785751301636933,0.0006000000000021544
5574596,1,30.4853,42.0,1,0.00336074385122305,4257545,1,30.4862,38.0,0,0.003360628013588848,0.0009000000000014552
5634335,1,36.3477,42.0,1,0.002684685355376485,4013318,1,36.3483,42.0,0,0.0026846236229454983,0.0005999999999986017
5653128,1,27.2399,28.0,1,0.0038054277378196735,2924551,1,27.2399,46.0,0,0.0038054277378196735,0.0
5829084,1,23.6614,42.0,1,0.004363960856113314,2979524,1,23.6614,40.0,0,0.004363960856113314,0.0
5843914,1,23.3691,35.0,1,0.004413037114384376,5926796,1,23.3706,20.0,0,0.004412783871727669,0.0015000000000000568
5898918,1,21.6017,36.0,1,0.004721703661869808,3475953,1,21.6016,36.0,0,0.004721721720521196,9.999999999976694e-05
5903027,1,24.5603,40.0,1,0.004216417649427028,4376021,1,24.5623,34.0,0,0.004216094975957335,0.0019999999999988916
5910991,1,27.8592,50.0,1,0.0037162674663633547,3177625,1,27.8603,38.0,0,0.0037161109661967566,0.0010999999999974364
5951727,1,24.1056,40.0,1,0.0042904194380565495,2716125,1,24.1056,30.0,0,0.0042904194380565495,0.0
6023201,1,24.8301,30.0,1,0.004173110333532804,3201231,1,24.8301,42.0,0,0.004173110333532804,0.0
