index_disease,gender_disease,bmi_disease,hgs_left_disease,disease_disease,propensity_scores_disease,index_control,gender_control,bmi_control,hgs_left_control,disease_control,propensity_scores_control,distance
1000505,0,27.1809,22.0,1,0.0012711416760259745,2382753,0,27.1809,18.0,0,0.0012711416760259745,0.0
1246564,0,37.494,21.0,1,0.0018440345929732734,5528957,0,37.4968,18.0,0,0.0018442208092252696,0.00280000000000058
1350259,0,25.0135,24.0,1,0.0011755106371862968,5175756,0,25.0135,20.0,0,0.0011755106371862968,0.0
1872273,0,22.3757,22.0,1,0.001068766626766832,1136229,0,22.3757,18.0,0,0.001068766626766832,0.0
2218036,0,32.3643,24.0,1,0.0015325467379544262,3744110,0,32.3685,23.0,0,0.0015327789581437322,0.004199999999997317
2359749,0,27.852,21.0,1,0.0013022990782028886,4037251,0,27.8516,25.0,0,0.0013022802819258625,0.00039999999999906777
2453494,0,20.0346,30.0,1,0.00098216850451362,2344323,0,20.0346,28.0,0,0.00098216850451362,0.0
2742352,0,25.1486,18.0,1,0.0011812557578781144,2956027,0,25.1486,20.0,0,0.0011812557578781144,0.0
2909676,0,34.2882,7.0,1,0.001642683915468129,2862492,0,34.2842,28.0,0,0.001642446920614841,0.0040000000000048885
3002352,0,20.6489,24.0,1,0.0010041890881897842,1864902,0,20.6489,30.0,0,0.0010041890881897842,0.0
3322352,0,21.1005,26.0,1,0.001020691369788339,1364800,0,21.1026,23.0,0,0.0010207687369857886,0.0020999999999986585
3814115,0,30.2275,20.0,1,0.0014188430377162923,1158968,0,30.2275,20.0,0,0.0014188430377162923,0.0
4199756,0,24.2389,30.0,1,0.0011431054514626333,4742640,0,24.2389,30.0,0,0.0011431054514626333,0.0
4787989,0,24.5682,22.0,1,0.0011567711443630892,2511501,0,24.5682,28.0,0,0.0011567711443630892,0.0
4847434,0,23.2244,15.0,1,0.0011020099144564007,4515644,0,23.2244,27.0,0,0.0011020099144564007,0.0
5044035,0,32.8025,15.0,1,0.001556965410450937,5445793,0,32.8049,12.0,0,0.001557100214352263,0.002400000000001512
5346381,0,25.2994,8.0,1,0.0011877016495551833,2088280,0,25.301,24.0,0,0.001187770228995942,0.0015999999999998238
5710750,0,30.1856,17.0,1,0.0014166997810658162,1363563,0,30.1872,15.0,0,0.0014167815644011786,0.0015999999999998238
5850745,0,22.5377,28.0,1,0.0010750338124368782,2131290,0,22.5377,22.0,0,0.0010750338124368782,0.0
