index_disease,gender_disease,bmi_disease,hgs_L+R_disease,disease_disease,propensity_scores_disease,index_control,gender_control,bmi_control,hgs_L+R_control,disease_control,propensity_scores_control,distance
1022359,1,24.0124,81.0,1,0.0037060016947046744,4776143,1,24.0123,82.0,0,0.0037059945200146635,9.999999999976694e-05
1165127,1,30.5735,86.0,1,0.0042078128536562134,5035896,1,30.5724,62.0,0,0.00420772329168447,0.001100000000000989
1291988,1,30.5192,50.0,1,0.004203394014237403,5713126,1,30.5201,58.0,0,0.004203467216996639,0.0008999999999979025
1384770,1,21.1306,70.0,1,0.0035048832319477057,2746662,1,21.1306,72.0,0,0.0035048832319477057,0.0
1393201,1,28.9063,65.0,1,0.004074225390345462,3396400,1,28.9063,82.0,0,0.004074225390345462,0.0
1517325,1,26.166,70.0,1,0.003863769617900921,3925515,1,26.166,92.0,0,0.003863769617900921,0.0
1569706,1,22.469,66.0,1,0.0035968995077569907,4810095,1,22.469,76.0,0,0.0035968995077569907,0.0
1645955,1,25.8891,59.0,1,0.003843115602961538,4078423,1,25.8891,96.0,0,0.003843115602961538,0.0
1656270,1,27.6245,65.0,1,0.003974398193302157,2295643,1,27.6245,74.0,0,0.003974398193302157,0.0
1696056,1,34.1194,68.0,1,0.004506612221278844,3670788,1,34.1182,80.0,0,0.004506507610790117,0.0011999999999972033
1752926,1,24.3864,75.0,1,0.003732932074974308,1405572,1,24.3864,68.0,0,0.003732932074974308,0.0
1791193,1,27.7634,54.0,1,0.003985097019132435,3245813,1,27.7634,82.0,0,0.003985097019132435,0.0
1856634,1,21.6551,86.0,1,0.0035406602456987254,3806937,1,21.6557,78.0,0,0.00354070138037029,0.0005999999999986017
1861436,1,33.6853,80.0,1,0.004468926674932702,5291257,1,33.687,100.0,0,0.004469073643517593,0.0016999999999995907
1897596,1,25.3516,98.0,1,0.003803336827858517,2302520,1,25.3516,80.0,0,0.003803336827858517,0.0
1928078,1,24.977,62.0,1,0.003775856596941382,5490828,1,24.977,72.0,0,0.003775856596941382,0.0
1950611,1,31.324,66.0,1,0.004269363132669594,5685417,1,31.3259,92.0,0,0.004269520088317468,0.0018999999999991246
2123582,1,30.2554,106.0,1,0.004181992097852178,1963824,1,30.255,80.0,0,0.004181959728654561,0.0004000000000026205
2502129,1,25.9329,108.0,1,0.0038463753142790134,2796329,1,25.9329,88.0,0,0.0038463753142790134,0.0
2590464,1,23.9069,92.0,1,0.00369844008545082,2088339,1,23.9069,46.0,0,0.00369844008545082,0.0
2701289,1,27.5329,90.0,1,0.00396735832714441,2626994,1,27.5329,104.0,0,0.00396735832714441,0.0
2760717,1,33.5657,105.0,1,0.004458599070192539,1736272,1,33.572,80.0,0,0.004459142489513322,0.006300000000003081
2816081,1,25.6055,60.0,1,0.003822075836724666,2937865,1,25.6055,66.0,0,0.003822075836724666,0.0
2975838,1,23.1459,70.0,1,0.0036443495905487174,5930131,1,23.147,83.0,0,0.0036444272049201464,0.0010999999999974364
3019099,1,30.5625,70.0,1,0.004206917319354949,4086540,1,30.5629,97.0,0,0.0042069498809131686,0.00039999999999906777
3076371,1,26.1924,70.0,1,0.0038657445622327148,2548032,1,26.1924,58.0,0,0.0038657445622327148,0.0
3127312,1,25.9614,81.0,1,0.0038484978382722574,5717375,1,25.9614,66.0,0,0.0038484978382722574,0.0
3347997,1,20.4321,69.0,1,0.003457796117143391,2393761,1,20.4382,66.0,0,0.0034582045878415167,0.006099999999999994
3643523,1,31.4274,56.0,1,0.004277913181223299,1899912,1,31.4274,106.0,0,0.004277913181223299,0.0
3676330,1,29.4254,92.0,1,0.004115360034952486,1485971,1,29.4252,60.0,0,0.004115344107127994,0.00019999999999953388
3732801,1,21.7845,70.0,1,0.0035495426553224826,2824445,1,21.7845,58.0,0,0.0035495426553224826,0.0
3948605,1,26.0935,108.0,1,0.0038583511702657124,3252661,1,26.0935,68.0,0,0.0038583511702657124,0.0
3977079,1,26.8148,64.0,1,0.003912597788840582,3061964,1,26.8148,93.0,0,0.003912597788840582,0.0
3982297,1,26.3184,106.0,1,0.0038751842941618375,4154738,1,26.3184,98.0,0,0.0038751842941618375,0.0
4082793,1,29.57,72.0,1,0.004126891934605675,5186832,1,29.57,80.0,0,0.004126891934605675,0.0
4165867,1,29.3402,86.0,1,0.004108580336164939,4206267,1,29.34,59.0,0,0.0041085644344719075,0.00019999999999953388
4218228,1,27.0041,76.0,1,0.003926959839053916,2138015,1,27.0041,66.0,0,0.003926959839053916,0.0
4241057,1,29.4673,60.0,1,0.0041186982682180455,2106588,1,29.4673,60.0,0,0.0041186982682180455,0.0
4344927,1,23.748,74.0,1,0.003687080084490913,2175924,1,23.748,50.0,0,0.003687080084490913,0.0
4358562,1,23.9869,92.0,1,0.00370417259683171,4112943,1,23.9869,56.0,0,0.00370417259683171,0.0
4851688,1,24.8254,69.0,1,0.0037647916970844197,2706747,1,24.8254,55.0,0,0.0037647916970844197,0.0
5083736,1,27.0169,100.0,1,0.003927932858757816,4123949,1,27.0169,57.0,0,0.003927932858757816,0.0
5089484,1,22.9123,64.0,1,0.00362790437585941,3835963,1,22.913,52.0,0,0.0036279535445669954,0.0007000000000019213
5116684,1,33.06,84.0,1,0.004415193247118685,4267593,1,33.0584,82.0,0,0.0044150565838823085,0.0016000000000033765
5242806,1,26.0515,79.0,1,0.003855215670786415,1441636,1,26.0515,59.0,0,0.003855215670786415,0.0
5343013,1,25.561,93.0,1,0.0038187848939076592,2312137,1,25.561,70.0,0,0.0038187848939076592,0.0
5489069,1,30.9259,94.0,1,0.004236603188761344,1647316,1,30.9259,63.0,0,0.004236603188761344,0.0
5574596,1,27.4589,88.0,1,0.0039616801698548,4009484,1,27.4589,62.0,0,0.0039616801698548,0.0
5634335,1,39.0358,97.0,1,0.004956143717835491,2834704,1,39.0461,56.0,0,0.004957130853408969,0.010300000000000864
5653128,1,28.867,62.0,1,0.004071127895874169,3258951,1,28.867,60.0,0,0.004071127895874169,0.0
5829084,1,25.7572,77.0,1,0.003833315869761904,1865289,1,25.7572,62.0,0,0.003833315869761904,0.0
5843914,1,24.4603,65.0,1,0.0037382763680327484,4266055,1,24.4603,94.0,0,0.0037382763680327484,0.0
5898918,1,21.8182,54.0,1,0.0035518595678646118,2639542,1,21.8187,48.0,0,0.0035518939547641297,0.0004999999999988347
5903027,1,25.0473,89.0,1,0.0037809986048240062,5636532,1,25.0473,68.0,0,0.0037809986048240062,0.0
5910991,1,28.632,114.0,1,0.004052654862881654,1153569,1,28.6316,70.0,0,0.004052623490698063,0.0004000000000026205
5951727,1,26.0602,87.0,1,0.0038558649586079457,2871137,1,26.0602,114.0,0,0.0038558649586079457,0.0
6023201,1,25.5057,66.0,1,0.0038146991836026708,5031022,1,25.5063,66.0,0,0.003814743489814687,0.0005999999999986017
