index_disease,gender_disease,height_disease,hgs_L+R_disease,disease_disease,propensity_scores_disease,index_control,gender_control,height_control,hgs_L+R_control,disease_control,propensity_scores_control,distance
1022359,1,172.0,85.0,1,0.004392561711266597,1125534,1,172.0,62.0,0,0.004392561711266597,0.0
1165127,1,168.5,92.0,1,0.004902558917517292,1641010,1,168.5,59.0,0,0.004902558917517292,0.0
1291988,1,175.0,66.0,1,0.003997692563617214,1012980,1,175.0,70.0,0,0.003997692563617214,0.0
1384770,1,177.0,63.0,1,0.003754294890663582,1058456,1,177.0,70.0,0,0.003754294890663582,0.0
1393201,1,181.0,68.0,1,0.003310909955168451,1008788,1,181.0,84.0,0,0.003310909955168451,0.0
1517325,1,187.0,52.0,1,0.0027417882055598814,1045033,1,187.0,84.0,0,0.0027417882055598814,0.0
1569706,1,175.0,72.0,1,0.003997692563617214,1012980,1,175.0,70.0,0,0.003997692563617214,0.0
1645955,1,182.5,64.0,1,0.0031584459783604323,1023040,1,182.5,78.0,0,0.0031584459783604323,0.0
1656270,1,170.5,56.0,1,0.004604323554051805,2643141,1,170.5,71.0,0,0.004604323554051805,0.0
1696056,1,175.0,60.0,1,0.003997692563617214,1012980,1,175.0,70.0,0,0.003997692563617214,0.0
1752926,1,177.0,62.0,1,0.003754294890663582,1058456,1,177.0,70.0,0,0.003754294890663582,0.0
1791193,1,176.0,52.0,1,0.0038740901322394552,1020777,1,176.0,80.0,0,0.0038740901322394552,0.0
1856634,1,188.0,81.0,1,0.002656912798395418,1322653,1,188.0,64.0,0,0.002656912798395418,0.0
1861436,1,164.0,64.0,1,0.005645720788233648,1683666,1,164.0,66.0,0,0.005645720788233648,0.0
1897596,1,180.0,55.0,1,0.003416605812246992,1007875,1,180.0,65.0,0,0.003416605812246992,0.0
1928078,1,169.0,48.0,1,0.00482624477591313,1025291,1,169.0,64.0,0,0.00482624477591313,0.0
1950611,1,181.0,74.0,1,0.003310909955168451,1008788,1,181.0,84.0,0,0.003310909955168451,0.0
2123582,1,185.0,82.0,1,0.0029197356350520614,1055403,1,185.0,92.0,0,0.0029197356350520614,0.0
2502129,1,181.0,89.0,1,0.003310909955168451,1008788,1,181.0,84.0,0,0.003310909955168451,0.0
2590464,1,177.0,81.0,1,0.003754294890663582,1058456,1,177.0,70.0,0,0.003754294890663582,0.0
2701289,1,180.4,63.0,1,0.003373929837195343,3561417,1,180.4,74.0,0,0.003373929837195343,0.0
2760717,1,186.9,93.0,1,0.0027504230555961758,5188465,1,186.9,80.0,0,0.0027504230555961758,0.0
2816081,1,170.0,64.0,1,0.004677145097718501,1141483,1,170.0,46.0,0,0.004677145097718501,0.0
2975838,1,181.0,58.0,1,0.003310909955168451,1008788,1,181.0,84.0,0,0.003310909955168451,0.0
3019099,1,184.0,66.0,1,0.0030129815860553163,1180571,1,184.0,86.0,0,0.0030129815860553163,0.0
3076371,1,171.0,70.0,1,0.004532630653547638,1019386,1,171.0,60.0,0,0.004532630653547638,0.0
3127312,1,170.0,66.0,1,0.004677145097718501,1141483,1,170.0,46.0,0,0.004677145097718501,0.0
3347997,1,181.0,64.0,1,0.003310909955168451,1008788,1,181.0,84.0,0,0.003310909955168451,0.0
3643523,1,178.0,59.0,1,0.0036381904474561597,1018208,1,178.0,80.0,0,0.0036381904474561597,0.0
3676330,1,185.0,97.0,1,0.0029197356350520614,1055403,1,185.0,92.0,0,0.0029197356350520614,0.0
3732801,1,170.0,60.0,1,0.004677145097718501,1141483,1,170.0,46.0,0,0.004677145097718501,0.0
3948605,1,171.0,91.0,1,0.004532630653547638,1019386,1,171.0,60.0,0,0.004532630653547638,0.0
3977079,1,182.0,60.0,1,0.003208473370041302,1026058,1,182.0,106.0,0,0.003208473370041302,0.0
3982297,1,174.0,85.0,1,0.004125222186175806,1134753,1,174.0,60.0,0,0.004125222186175806,0.0
4082793,1,172.0,73.0,1,0.004392561711266597,1125534,1,172.0,62.0,0,0.004392561711266597,0.0
4165867,1,169.0,55.0,1,0.00482624477591313,1025291,1,169.0,64.0,0,0.00482624477591313,0.0
4218228,1,174.6,61.0,1,0.004048226305877159,4404910,1,174.6,26.0,0,0.004048226305877159,0.0
4241057,1,165.0,49.0,1,0.005471443802935684,1089158,1,165.0,50.0,0,0.005471443802935684,0.0
4344927,1,177.0,58.0,1,0.003754294890663582,1058456,1,177.0,70.0,0,0.003754294890663582,0.0
4358562,1,177.0,100.0,1,0.003754294890663582,1058456,1,177.0,70.0,0,0.003754294890663582,0.0
4851688,1,173.0,64.0,1,0.004256802719274938,1025357,1,173.0,66.0,0,0.004256802719274938,0.0
5083736,1,174.0,68.0,1,0.004125222186175806,1134753,1,174.0,60.0,0,0.004125222186175806,0.0
5089484,1,166.0,76.0,1,0.005302517862044057,1031524,1,166.0,98.0,0,0.005302517862044057,0.0
5116684,1,166.0,78.0,1,0.005302517862044057,1031524,1,166.0,98.0,0,0.005302517862044057,0.0
5242806,1,183.0,80.0,1,0.0031091961943060208,1057323,1,183.0,70.0,0,0.0031091961943060208,0.0
5343013,1,179.0,80.0,1,0.003525663916005759,1018917,1,179.0,80.0,0,0.003525663916005759,0.0
5489069,1,178.3,70.0,1,0.003604061853712229,4008546,1,178.3,58.0,0,0.003604061853712229,0.0
5574596,1,165.5,86.0,1,0.005386322226526222,3836575,1,165.5,56.0,0,0.005386322226526222,0.0
5634335,1,185.0,83.0,1,0.0029197356350520614,1055403,1,185.0,92.0,0,0.0029197356350520614,0.0
5653128,1,169.0,54.0,1,0.00482624477591313,1025291,1,169.0,64.0,0,0.00482624477591313,0.0
5829084,1,172.0,80.0,1,0.004392561711266597,1125534,1,172.0,62.0,0,0.004392561711266597,0.0
5843914,1,176.5,64.0,1,0.0038137239705529936,1732349,1,176.5,68.0,0,0.0038137239705529936,0.0
5898918,1,164.0,68.0,1,0.005645720788233648,1683666,1,164.0,66.0,0,0.005645720788233648,0.0
5903027,1,183.5,80.0,1,0.0030607120063202405,1090581,1,183.5,77.0,0,0.0030607120063202405,0.0
5910991,1,192.0,91.0,1,0.0023428247017157865,2524616,1,192.0,114.0,0,0.0023428247017157865,0.0
5951727,1,171.5,78.0,1,0.004462049063201412,2197543,1,171.5,76.0,0,0.004462049063201412,0.0
6023201,1,165.0,56.0,1,0.005471443802935684,1089158,1,165.0,50.0,0,0.005471443802935684,0.0
