index_disease,gender_disease,height_disease,hgs_L+R_disease,disease_disease,propensity_scores_disease,index_control,gender_control,height_control,hgs_L+R_control,disease_control,propensity_scores_control,distance
1000505,0,164.0,38.0,1,0.0011391779027731096,1052679,0,164.0,43.0,0,0.0011391779027731096,0.0
1246564,0,157.0,51.0,1,0.0015206655349407627,1003323,0,157.0,42.0,0,0.0015206655349407627,0.0
1350259,0,171.5,48.0,1,0.0008358788767291631,3494318,0,171.5,43.0,0,0.0008358788767291631,0.0
1872273,0,158.0,78.0,1,0.0014592053980108802,1037827,0,158.0,44.0,0,0.0014592053980108802,0.0
2218036,0,159.0,45.0,1,0.0014002257876325782,1011508,0,159.0,44.0,0,0.0014002257876325782,0.0
2359749,0,162.0,42.0,1,0.0012371915606245042,1021445,0,162.0,32.0,0,0.0012371915606245042,0.0
2453494,0,170.0,46.0,1,0.0008892751393443732,1019072,0,170.0,30.0,0,0.0008892751393443732,0.0
2742352,0,161.0,48.0,1,0.0012893127912690177,1165902,0,161.0,52.0,0,0.0012893127912690177,0.0
2909676,0,145.0,18.0,1,0.002494239310073437,5381015,0,145.0,34.0,0,0.002494239310073437,0.0
3002352,0,170.0,43.0,1,0.0008892751393443732,1019072,0,170.0,30.0,0,0.0008892751393443732,0.0
3322352,0,170.0,56.0,1,0.0008892751393443732,1019072,0,170.0,30.0,0,0.0008892751393443732,0.0
3814115,0,166.0,37.0,1,0.0010489209968292668,1005266,0,166.0,62.0,0,0.0010489209968292668,0.0
4199756,0,168.0,42.0,1,0.0009658082185106864,1030762,0,168.0,54.0,0,0.0009658082185106864,0.0
4787989,0,165.0,32.0,1,0.0010931193205931623,1016862,0,165.0,54.0,0,0.0010931193205931623,0.0
4847434,0,159.0,36.0,1,0.0014002257876325782,1011508,0,159.0,44.0,0,0.0014002257876325782,0.0
5044035,0,158.0,40.0,1,0.0014592053980108802,1037827,0,158.0,44.0,0,0.0014592053980108802,0.0
5346381,0,154.0,34.0,1,0.0017209909349365287,1067274,0,154.0,34.0,0,0.0017209909349365287,0.0
5710750,0,162.0,36.0,1,0.0012371915606245042,1021445,0,162.0,32.0,0,0.0012371915606245042,0.0
5850745,0,157.3,51.0,1,0.001501960932857564,2648981,0,157.3,51.0,0,0.001501960932857564,0.0
