index_disease,gender_disease,height_disease,hgs_right_disease,disease_disease,propensity_scores_disease,index_control,gender_control,height_control,hgs_right_control,disease_control,propensity_scores_control,distance
1022359,1,174.0,41.0,1,0.004146819067403704,1134753,1,174.0,32.0,0,0.004146819067403704,0.0
1165127,1,171.0,42.0,1,0.004555939909241972,1019386,1,171.0,26.0,0,0.004555939909241972,0.0
1291988,1,174.0,26.0,1,0.004146819067403704,1134753,1,174.0,32.0,0,0.004146819067403704,0.0
1384770,1,177.0,40.0,1,0.003774297749211103,1058456,1,177.0,40.0,0,0.003774297749211103,0.0
1393201,1,181.0,34.0,1,0.0033289590099768603,1008788,1,181.0,43.0,0,0.0033289590099768603,0.0
1517325,1,187.0,36.0,1,0.002757241378554551,1045033,1,187.0,42.0,0,0.002757241378554551,0.0
1569706,1,176.0,32.0,1,0.0038946116379489104,1020777,1,176.0,44.0,0,0.0038946116379489104,0.0
1645955,1,183.0,34.0,1,0.003126337256510035,1057323,1,183.0,30.0,0,0.003126337256510035,0.0
1656270,1,175.0,31.0,1,0.0040187453202782525,1012980,1,175.0,35.0,0,0.0040187453202782525,0.0
1696056,1,174.0,30.0,1,0.004146819067403704,1134753,1,174.0,32.0,0,0.004146819067403704,0.0
1752926,1,177.0,38.0,1,0.003774297749211103,1058456,1,177.0,40.0,0,0.003774297749211103,0.0
1791193,1,176.0,28.0,1,0.0038946116379489104,1020777,1,176.0,44.0,0,0.0038946116379489104,0.0
1856634,1,191.0,44.0,1,0.0024316147279772305,3985678,1,191.0,28.0,0,0.0024316147279772305,0.0
1861436,1,164.0,44.0,1,0.005673529182448521,1683666,1,164.0,38.0,0,0.005673529182448521,0.0
1897596,1,183.0,48.0,1,0.003126337256510035,1057323,1,183.0,30.0,0,0.003126337256510035,0.0
1928078,1,165.0,30.0,1,0.005498563621923443,1089158,1,165.0,28.0,0,0.005498563621923443,0.0
1950611,1,182.3,39.0,1,0.0031958167765207056,3942175,1,182.3,48.0,0,0.0031958167765207056,0.0
2123582,1,187.0,54.0,1,0.002757241378554551,1045033,1,187.0,42.0,0,0.002757241378554551,0.0
2502129,1,182.0,60.0,1,0.003226062892952628,1026058,1,182.0,52.0,0,0.003226062892952628,0.0
2590464,1,179.0,50.0,1,0.0035446662327688694,1018917,1,179.0,42.0,0,0.0035446662327688694,0.0
2701289,1,182.0,50.0,1,0.003226062892952628,1026058,1,182.0,52.0,0,0.003226062892952628,0.0
2760717,1,189.0,51.0,1,0.002589327614206978,2383845,1,189.0,46.0,0,0.002589327614206978,0.0
2816081,1,170.0,26.0,1,0.004701052751544481,1141483,1,170.0,26.0,0,0.004701052751544481,0.0
2975838,1,181.8,34.0,1,0.0032463853185944213,5367394,1,181.8,45.0,0,0.0032463853185944213,0.0
3019099,1,185.0,36.0,1,0.002936012029549367,1055403,1,185.0,50.0,0,0.002936012029549367,0.0
3076371,1,174.0,38.0,1,0.004146819067403704,1134753,1,174.0,32.0,0,0.004146819067403704,0.0
3127312,1,173.0,40.0,1,0.004278956872577658,1025357,1,173.0,34.0,0,0.004278956872577658,0.0
3347997,1,180.0,39.0,1,0.0034351257152578567,1007875,1,180.0,36.0,0,0.0034351257152578567,0.0
3643523,1,182.0,24.0,1,0.003226062892952628,1026058,1,182.0,52.0,0,0.003226062892952628,0.0
3676330,1,186.0,54.0,1,0.0028452269940542393,1710287,1,186.0,38.0,0,0.0028452269940542393,0.0
3732801,1,171.0,34.0,1,0.004555939909241972,1019386,1,171.0,26.0,0,0.004555939909241972,0.0
3948605,1,171.0,56.0,1,0.004555939909241972,1019386,1,171.0,26.0,0,0.004555939909241972,0.0
3977079,1,183.0,36.0,1,0.003126337256510035,1057323,1,183.0,30.0,0,0.003126337256510035,0.0
3982297,1,175.0,52.0,1,0.0040187453202782525,1012980,1,175.0,35.0,0,0.0040187453202782525,0.0
4082793,1,173.0,34.0,1,0.004278956872577658,1025357,1,173.0,34.0,0,0.004278956872577658,0.0
4165867,1,172.0,42.0,1,0.004415286562081639,1125534,1,172.0,32.0,0,0.004415286562081639,0.0
4218228,1,175.0,40.0,1,0.0040187453202782525,1012980,1,175.0,35.0,0,0.0040187453202782525,0.0
4241057,1,166.0,32.0,1,0.00532896489397025,1031524,1,166.0,50.0,0,0.00532896489397025,0.0
4344927,1,177.0,38.0,1,0.003774297749211103,1058456,1,177.0,40.0,0,0.003774297749211103,0.0
4358562,1,178.0,48.0,1,0.0036576869968967724,1018208,1,178.0,42.0,0,0.0036576869968967724,0.0
4851688,1,173.0,38.0,1,0.004278956872577658,1025357,1,173.0,34.0,0,0.004278956872577658,0.0
5083736,1,171.0,48.0,1,0.004555939909241972,1019386,1,171.0,26.0,0,0.004555939909241972,0.0
5089484,1,167.0,34.0,1,0.005164570135063721,1033434,1,167.0,38.0,0,0.005164570135063721,0.0
5116684,1,166.0,39.0,1,0.00532896489397025,1031524,1,166.0,50.0,0,0.00532896489397025,0.0
5242806,1,184.0,40.0,1,0.00302968501774849,1180571,1,184.0,40.0,0,0.00302968501774849,0.0
5343013,1,179.0,48.0,1,0.0035446662327688694,1018917,1,179.0,42.0,0,0.0035446662327688694,0.0
5489069,1,180.0,48.0,1,0.0034351257152578567,1007875,1,180.0,36.0,0,0.0034351257152578567,0.0
5574596,1,168.0,42.0,1,0.005005221317215256,1171118,1,168.0,30.0,0,0.005005221317215256,0.0
5634335,1,185.0,45.0,1,0.002936012029549367,1055403,1,185.0,50.0,0,0.002936012029549367,0.0
5653128,1,172.0,32.0,1,0.004415286562081639,1125534,1,172.0,32.0,0,0.004415286562081639,0.0
5829084,1,172.0,41.0,1,0.004415286562081639,1125534,1,172.0,32.0,0,0.004415286562081639,0.0
5843914,1,178.0,30.0,1,0.0036576869968967724,1018208,1,178.0,42.0,0,0.0036576869968967724,0.0
5898918,1,165.0,30.0,1,0.005498563621923443,1089158,1,165.0,28.0,0,0.005498563621923443,0.0
5903027,1,184.0,46.0,1,0.00302968501774849,1180571,1,184.0,40.0,0,0.00302968501774849,0.0
5910991,1,191.5,60.0,1,0.0023937072876168307,2868584,1,191.5,38.0,0,0.0023937072876168307,0.0
5951727,1,174.0,45.0,1,0.004146819067403704,1134753,1,174.0,32.0,0,0.004146819067403704,0.0
6023201,1,164.0,36.0,1,0.005673529182448521,1683666,1,164.0,38.0,0,0.005673529182448521,0.0
