index_disease,gender_disease,height_disease,hgs_right_disease,disease_disease,propensity_scores_disease,index_control,gender_control,height_control,hgs_right_control,disease_control,propensity_scores_control,distance
1000505,0,165.0,26.0,1,0.0010988363925588769,1016862,0,165.0,30.0,0,0.0010988363925588769,0.0
1246564,0,158.0,35.0,1,0.0014665078128923298,1037827,0,158.0,22.0,0,0.0014665078128923298,0.0
1350259,0,172.0,26.0,1,0.0008232686878418672,1040697,0,172.0,32.0,0,0.0008232686878418672,0.0
1872273,0,161.0,28.0,1,0.0012958897511563948,1165902,0,161.0,28.0,0,0.0012958897511563948,0.0
2218036,0,161.2,24.0,1,0.001285247145649522,5124080,0,161.2,25.0,0,0.001285247145649522,0.0
2359749,0,163.0,21.0,1,0.001193307335744295,1051112,0,163.0,16.0,0,0.001193307335744295,0.0
2453494,0,170.0,30.0,1,0.0008940692829058721,1019072,0,170.0,16.0,0,0.0008940692829058721,0.0
2742352,0,162.0,22.0,1,0.0012435425286464257,1021445,0,162.0,16.0,0,0.0012435425286464257,0.0
2909676,0,144.0,10.0,1,0.0026110114276814847,2249295,0,144.0,20.0,0,0.0026110114276814847,0.0
3002352,0,173.0,26.0,1,0.000789997802435198,1217866,0,173.0,31.0,0,0.000789997802435198,0.0
3322352,0,171.0,30.0,1,0.0008579395788734982,1072306,0,171.0,30.0,0,0.0008579395788734982,0.0
3814115,0,164.0,16.0,1,0.0011450991593749285,1052679,0,164.0,25.0,0,0.0011450991593749285,0.0
4199756,0,167.0,32.0,1,0.0010118368841412835,1016853,0,167.0,32.0,0,0.0010118368841412835,0.0
4787989,0,166.0,24.0,1,0.0010544406992000419,1005266,0,166.0,32.0,0,0.0010544406992000419,0.0
4847434,0,161.0,20.0,1,0.0012958897511563948,1165902,0,161.0,28.0,0,0.0012958897511563948,0.0
5044035,0,160.5,22.0,1,0.0013228829059604905,1156918,0,160.5,20.0,0,0.0013228829059604905,0.0
5346381,0,154.0,8.0,1,0.0017293812113898276,1067274,0,154.0,18.0,0,0.0017293812113898276,0.0
5710750,0,163.0,16.0,1,0.001193307335744295,1051112,0,163.0,16.0,0,0.001193307335744295,0.0
5850745,0,156.5,30.0,1,0.001560051578884773,1032683,0,156.5,24.0,0,0.001560051578884773,0.0
