index_disease,gender_disease,height_disease,hgs_left_disease,disease_disease,propensity_scores_disease,index_control,gender_control,height_control,hgs_left_control,disease_control,propensity_scores_control,distance
1000505,0,164.0,18.0,1,0.0011391779027731096,1052679,0,164.0,18.0,0,0.0011391779027731096,0.0
1246564,0,157.0,22.0,1,0.0015206655349407627,1003323,0,157.0,20.0,0,0.0015206655349407627,0.0
1350259,0,171.5,20.0,1,0.0008358788767291631,3494318,0,171.5,20.0,0,0.0008358788767291631,0.0
1872273,0,158.0,38.0,1,0.0014592053980108802,1037827,0,158.0,22.0,0,0.0014592053980108802,0.0
2218036,0,159.0,23.0,1,0.0014002257876325782,1011508,0,159.0,22.0,0,0.0014002257876325782,0.0
2359749,0,162.0,20.0,1,0.0012371915606245042,1021445,0,162.0,16.0,0,0.0012371915606245042,0.0
2453494,0,170.0,22.0,1,0.0008892751393443732,1019072,0,170.0,14.0,0,0.0008892751393443732,0.0
2742352,0,161.0,24.0,1,0.0012893127912690177,1165902,0,161.0,24.0,0,0.0012893127912690177,0.0
2909676,0,145.0,8.0,1,0.002494239310073437,5381015,0,145.0,16.0,0,0.002494239310073437,0.0
3002352,0,170.0,20.0,1,0.0008892751393443732,1019072,0,170.0,14.0,0,0.0008892751393443732,0.0
3322352,0,170.0,26.0,1,0.0008892751393443732,1019072,0,170.0,14.0,0,0.0008892751393443732,0.0
3814115,0,166.0,16.0,1,0.0010489209968292668,1005266,0,166.0,30.0,0,0.0010489209968292668,0.0
4199756,0,168.0,22.0,1,0.0009658082185106864,1030762,0,168.0,28.0,0,0.0009658082185106864,0.0
4787989,0,165.0,14.0,1,0.0010931193205931623,1016862,0,165.0,24.0,0,0.0010931193205931623,0.0
4847434,0,159.0,16.0,1,0.0014002257876325782,1011508,0,159.0,22.0,0,0.0014002257876325782,0.0
5044035,0,158.0,18.0,1,0.0014592053980108802,1037827,0,158.0,22.0,0,0.0014592053980108802,0.0
5346381,0,154.0,16.0,1,0.0017209909349365287,1067274,0,154.0,16.0,0,0.0017209909349365287,0.0
5710750,0,162.0,16.0,1,0.0012371915606245042,1021445,0,162.0,16.0,0,0.0012371915606245042,0.0
5850745,0,157.3,22.0,1,0.001501960932857564,2648981,0,157.3,24.0,0,0.001501960932857564,0.0
