1042144
1130929
1185057
1204009
1265090
1429695
1446189
1446948
1458086
1581800
1641689
1708509
1774584
1822511
1930481
2011939
2026316
2094761
2126649
2140898
2203556
2268327
2282649
2348680
2364826
2460939
2513363
2521933
2524336
2554196
2562464
2595892
2598160
2644049
2658446
2717738
2746604
2762664
2774541
2776235
2850122
2917902
3022080
3118133
3124587
3182095
3261578
3293415
3330060
3548856
3727381
3738359
3756335
3815177
3825591
3854495
3863837
3896853
4019052
4063654
4123890
4164746
4196759
4216893
4305115
4360507
4405344
4567342
4585932
4709557
4915576
4925502
4937802
4939917
4963097
