index_disease,gender_disease,waist_to_hip_ratio_disease,hgs_right_disease,disease_disease,propensity_scores_disease,index_control,gender_control,waist_to_hip_ratio_control,hgs_right_control,disease_control,propensity_scores_control,distance
1000505,0,0.8037383177570093,26.0,1,0.001225626153088115,2466326,0,0.8037383177570093,20.0,0,0.001225626153088115,0.0
1246564,0,1.063063063063063,35.0,1,0.001253583948898171,1795844,0,1.063157894736842,12.0,0,0.001253594288327474,9.483167377899449e-05
1350259,0,0.7596153846153846,26.0,1,0.0012209316411822522,1308979,0,0.7596153846153846,25.0,0,0.0012209316411822522,0.0
1872273,0,0.71875,28.0,1,0.0012165997410588558,1955882,0,0.71875,24.0,0,0.0012165997410588558,0.0
2218036,0,0.9344858962693358,24.0,1,0.0012396433260872856,4760826,0,0.9344262295081968,26.0,0,0.001239636892960843,5.9666761138998936e-05
2359749,0,0.9433962264150944,21.0,1,0.0012406043907976917,4838215,0,0.9433962264150944,32.0,0,0.0012406043907976917,0.0
2453494,0,0.7362637362637363,30.0,1,0.0012184543867917606,3215998,0,0.7362637362637363,18.0,0,0.0012184543867917606,0.0
2742352,0,0.8235294117647058,22.0,1,0.0012277377027505268,1018650,0,0.8235294117647058,28.0,0,0.0012277377027505268,0.0
2909676,0,0.8956521739130435,10.0,1,0.0012354634110243797,1742731,0,0.8956521739130435,24.0,0,0.0012354634110243797,0.0
3002352,0,0.7142857142857143,26.0,1,0.001216127439354002,2709717,0,0.7142857142857143,22.0,0,0.001216127439354002,0.0
3322352,0,0.7653061224489796,30.0,1,0.0012215361037597964,1316396,0,0.7653061224489796,18.0,0,0.0012215361037597964,0.0
3814115,0,0.9423076923076924,16.0,1,0.0012404869420454404,1142075,0,0.9423076923076924,20.0,0,0.0012404869420454404,0.0
4199756,0,0.803921568627451,32.0,1,0.0012256456878274359,1580988,0,0.803921568627451,23.0,0,0.0012256456878274359,0.0
4787989,0,0.7070707070707071,24.0,1,0.0012153645105888301,1621770,0,0.7070707070707071,20.0,0,0.0012153645105888301,0.0
4847434,0,0.7731958762886598,20.0,1,0.0012223746373698796,1290364,0,0.7731958762886598,32.0,0,0.0012223746373698796,0.0
5044035,0,0.7951598962834918,22.0,1,0.0012247120320826328,1196111,0,0.7951807228915663,30.0,0,0.0012247142505519006,2.0826608074453468e-05
5346381,0,0.9081632653061223,8.0,1,0.0012368085183057165,5220271,0,0.9081632653061223,10.0,0,0.0012368085183057165,0.0
5710750,0,0.8181818181818182,16.0,1,0.0012271667997888428,1780436,0,0.8181818181818182,20.0,0,0.0012271667997888428,0.0
5850745,0,0.7419354838709677,30.0,1,0.0012190556108947997,1151434,0,0.7419354838709677,16.0,0,0.0012190556108947997,0.0
