index_disease,gender_disease,waist_to_hip_ratio_disease,hgs_left_disease,disease_disease,propensity_scores_disease,index_control,gender_control,waist_to_hip_ratio_control,hgs_left_control,disease_control,propensity_scores_control,distance
1022359,1,0.9247311827956988,40.0,1,0.00389037334523561,3169560,1,0.9247311827956988,32.0,0,0.00389037334523561,0.0
1165127,1,0.9423076923076924,48.0,1,0.003936017502770387,5155882,1,0.9423076923076924,30.0,0,0.003936017502770387,0.0
1291988,1,1.0198019801980198,32.0,1,0.004143705586835654,1308470,1,1.0198019801980198,28.0,0,0.004143705586835654,0.0
1384770,1,0.875,28.0,1,0.00376406379325057,2311944,1,0.875,32.0,0,0.00376406379325057,0.0
1393201,1,0.96,32.0,1,0.00398250105440615,1585342,1,0.96,36.0,0,0.00398250105440615,0.0
1517325,1,0.9,23.0,1,0.0038270408389527756,1822694,1,0.9,26.0,0,0.0038270408389527756,0.0
1569706,1,0.9591836734693876,38.0,1,0.003980344311547132,1061127,1,0.9591836734693876,38.0,0,0.003980344311547132,0.0
1645955,1,0.9285714285714286,30.0,1,0.0039003007915146184,1054109,1,0.9285714285714286,36.0,0,0.0039003007915146184,0.0
1656270,1,0.99,26.0,1,0.004062573911442265,1420111,1,0.99,21.0,0,0.004062573911442265,0.0
1696056,1,1.0,30.0,1,0.004089619584620794,1395092,1,1.0,40.0,0,0.004089619584620794,0.0
1752926,1,0.8686868686868687,30.0,1,0.0037483244504093152,2037356,1,0.8686868686868687,35.0,0,0.0037483244504093152,0.0
1791193,1,0.8867924528301887,24.0,1,0.0037936402622881144,1367088,1,0.8867924528301887,34.0,0,0.0037936402622881144,0.0
1856634,1,0.8631578947368421,36.0,1,0.0037345939655616706,2847608,1,0.8631578947368421,40.0,0,0.0037345939655616706,0.0
1861436,1,0.9509803921568628,32.0,1,0.003958735639441878,2131539,1,0.9509803921568628,54.0,0,0.003958735639441878,0.0
1897596,1,0.9207920792079208,28.0,1,0.003880216490535475,1496769,1,0.9207920792079208,39.0,0,0.003880216490535475,0.0
1928078,1,0.9444444444444444,26.0,1,0.0039416026403527185,1048633,1,0.9444444444444444,35.0,0,0.0039416026403527185,0.0
1950611,1,1.0,38.0,1,0.004089619584620794,1395092,1,1.0,40.0,0,0.004089619584620794,0.0
2123582,1,1.0263157894736843,46.0,1,0.004161652271071121,4899923,1,1.0263157894736843,36.0,0,0.004161652271071121,0.0
2502129,1,1.0,40.0,1,0.004089619584620794,1395092,1,1.0,40.0,0,0.004089619584620794,0.0
2590464,1,0.9473684210526316,39.0,1,0.003949258254301369,2148091,1,0.9473684210526316,41.0,0,0.003949258254301369,0.0
2701289,1,1.0198019801980198,28.0,1,0.004143705586835654,1308470,1,1.0198019801980198,28.0,0,0.004143705586835654,0.0
2760717,1,0.959349593495935,42.0,1,0.003980782579701463,1756779,1,0.959349593495935,44.0,0,0.003980782579701463,0.0
2816081,1,0.8854166666666666,34.0,1,0.0037901777794967207,1521918,1,0.8854166666666666,47.0,0,0.0037901777794967207,0.0
2975838,1,0.9772727272727272,34.0,1,0.004028409625636225,1744993,1,0.9772727272727272,20.0,0,0.004028409625636225,0.0
3019099,1,1.0666666666666669,30.0,1,0.004274563677018341,2906753,1,1.0666666666666669,30.0,0,0.004274563677018341,0.0
3076371,1,0.9702970297029704,30.0,1,0.004009806056178291,1704014,1,0.9702970297029704,44.0,0,0.004009806056178291,0.0
3127312,1,0.9247311827956988,32.0,1,0.00389037334523561,3169560,1,0.9247311827956988,32.0,0,0.00389037334523561,0.0
3347997,1,0.9444444444444444,32.0,1,0.0039416026403527185,1048633,1,0.9444444444444444,35.0,0,0.0039416026403527185,0.0
3643523,1,0.991150442477876,31.0,1,0.004065676270597502,5478631,1,0.991150442477876,30.0,0,0.004065676270597502,0.0
3676330,1,0.8476190476190476,42.0,1,0.003696272986752467,4444677,1,0.8476190476190476,36.0,0,0.003696272986752467,0.0
3732801,1,0.9787234042553192,30.0,1,0.004032289237114646,1169015,1,0.9787234042553192,22.0,0,0.004032289237114646,0.0
3948605,1,1.0,45.0,1,0.004089619584620794,1395092,1,1.0,40.0,0,0.004089619584620794,0.0
3977079,1,1.0,29.0,1,0.004089619584620794,1395092,1,1.0,40.0,0,0.004089619584620794,0.0
3982297,1,0.8735632183908046,40.0,1,0.0037604759587535333,2018980,1,0.8735632183908046,52.0,0,0.0037604759587535333,0.0
4082793,1,0.971153846153846,42.0,1,0.004012086492437547,2379263,1,0.971153846153846,50.0,0,0.004012086492437547,0.0
4165867,1,1.0101010101010102,30.0,1,0.004117120482578661,1130179,1,1.0101010101010102,28.0,0,0.004117120482578661,0.0
4218228,1,0.8571428571428571,31.0,1,0.003719713308673024,1039117,1,0.8571428571428571,45.0,0,0.003719713308673024,0.0
4241057,1,0.9405940594059404,24.0,1,0.003931544029441041,2510623,1,0.9405940594059404,35.0,0,0.003931544029441041,0.0
4344927,1,1.03125,32.0,1,0.004175298389567433,4927770,1,1.03125,34.0,0,0.004175298389567433,0.0
4358562,1,0.956989247311828,50.0,1,0.0039745523808343555,1012303,1,0.956989247311828,24.0,0,0.0039745523808343555,0.0
4851688,1,1.0,31.0,1,0.004089619584620794,1395092,1,1.0,40.0,0,0.004089619584620794,0.0
5083736,1,0.8888888888888888,28.0,1,0.003798922486685004,1096427,1,0.8888888888888888,48.0,0,0.003798922486685004,0.0
5089484,1,0.8617021276595744,38.0,1,0.0037309870991378944,2591902,1,0.8617021276595744,43.0,0,0.0037309870991378944,0.0
5116684,1,0.961904761904762,44.0,1,0.003987537981968667,3242232,1,0.961904761904762,34.0,0,0.003987537981968667,0.0
5242806,1,0.8990825688073395,40.0,1,0.0038247113085299912,1359191,1,0.8990825688073395,46.0,0,0.0038247113085299912,0.0
5343013,1,0.9306930693069309,40.0,1,0.003905796277180066,1336599,1,0.9306930693069309,54.0,0,0.003905796277180066,0.0
5489069,1,0.908256880733945,34.0,1,0.003848070318024109,3109110,1,0.908256880733945,55.0,0,0.003848070318024109,0.0
5574596,1,0.95,44.0,1,0.0039561609686959535,1066981,1,0.95,36.0,0,0.0039561609686959535,0.0
5634335,1,1.0175438596491229,41.0,1,0.0041375020767888656,2207223,1,1.0175438596491229,38.0,0,0.0041375020767888656,0.0
5653128,1,1.0319148936170213,26.0,1,0.004177140631700883,1748857,1,1.0319148936170213,26.0,0,0.004177140631700883,0.0
5829084,1,0.7857142857142857,38.0,1,0.0035474574132132995,2930435,1,0.7857142857142857,46.0,0,0.0035474574132132995,0.0
5843914,1,0.92,29.0,1,0.0038781773311084475,1510877,1,0.92,24.0,0,0.0038781773311084475,0.0
5898918,1,0.9148936170212766,32.0,1,0.003865056860091833,1196205,1,0.9148936170212766,34.0,0,0.003865056860091833,0.0
5903027,1,0.9405940594059404,40.0,1,0.003931544029441041,2510623,1,0.9405940594059404,35.0,0,0.003931544029441041,0.0
5910991,1,1.019047619047619,41.0,1,0.004141632175851905,4826561,1,1.019047619047619,33.0,0,0.004141632175851905,0.0
5951727,1,1.0,38.0,1,0.004089619584620794,1395092,1,1.0,40.0,0,0.004089619584620794,0.0
6023201,1,0.9306930693069309,26.0,1,0.003905796277180066,1336599,1,0.9306930693069309,54.0,0,0.003905796277180066,0.0
