index_disease,gender_disease,waist_to_hip_ratio_disease,hgs_L+R_disease,disease_disease,propensity_scores_disease,index_control,gender_control,waist_to_hip_ratio_control,hgs_L+R_control,disease_control,propensity_scores_control,distance
1022359,1,0.9375,81.0,1,0.0039189645231321795,1040800,1,0.9375,75.0,0,0.0039189645231321795,0.0
1165127,1,0.9433962264150944,86.0,1,0.0039196273868705445,1627944,1,0.9433962264150944,87.0,0,0.0039196273868705445,0.0
1291988,1,1.0,50.0,1,0.003925996563618696,1395092,1,1.0,84.0,0,0.003925996563618696,0.0
1384770,1,0.9032258064516128,70.0,1,0.003915113570769137,4733650,1,0.9032258064516128,71.0,0,0.003915113570769137,0.0
1393201,1,0.927927927927928,65.0,1,0.003917888652377332,4860012,1,0.927927927927928,103.0,0,0.003917888652377332,0.0
1517325,1,0.8761061946902655,70.0,1,0.0039120691585110955,1240240,1,0.8761904761904762,66.0,0,0.003912078616188716,8.428150021067005e-05
1569706,1,0.913978494623656,66.0,1,0.003916321306749902,1023328,1,0.913978494623656,58.0,0,0.003916321306749902,0.0
1645955,1,0.8910891089108911,59.0,1,0.0039137508293000745,5713031,1,0.8910891089108911,56.0,0,0.0039137508293000745,0.0
1656270,1,0.9158878504672896,65.0,1,0.003916535803336126,1323893,1,0.9158878504672896,80.0,0,0.003916535803336126,0.0
1696056,1,0.9734513274336284,68.0,1,0.003923007967996261,2630727,1,0.9734513274336284,40.0,0,0.003923007967996261,0.0
1752926,1,0.8921568627450981,75.0,1,0.003913870700652732,1007473,1,0.8921568627450981,68.0,0,0.003913870700652732,0.0
1791193,1,0.9428571428571428,54.0,1,0.0039195667775476966,1187171,1,0.9428571428571428,54.0,0,0.0039195667775476966,0.0
1856634,1,0.8125,86.0,1,0.0039049380578259204,3964614,1,0.8125,46.0,0,0.0039049380578259204,0.0
1861436,1,0.9901960784313726,80.0,1,0.003924892667896763,1096763,1,0.9901960784313726,47.0,0,0.003924892667896763,0.0
1897596,1,0.8584905660377359,98.0,1,0.00391009291441721,3126739,1,0.8584905660377359,76.0,0,0.00391009291441721,0.0
1928078,1,0.978021978021978,62.0,1,0.003923522326592716,2693294,1,0.978021978021978,72.0,0,0.003923522326592716,0.0
1950611,1,0.981981981981982,66.0,1,0.00392396802032409,3108742,1,0.981981981981982,68.0,0,0.00392396802032409,0.0
2123582,1,1.0277777777777777,106.0,1,0.0039291259478602715,4740769,1,1.0277777777777777,65.0,0,0.0039291259478602715,0.0
2502129,1,0.9052631578947368,108.0,1,0.0039153423764648415,1076697,1,0.9052631578947368,100.0,0,0.0039153423764648415,0.0
2590464,1,0.9,92.0,1,0.0039147513223220486,1822694,1,0.9,54.0,0,0.0039147513223220486,0.0
2701289,1,1.0206185567010309,90.0,1,0.003928319167952275,1157955,1,1.0206185567010309,74.0,0,0.003928319167952275,0.0
2760717,1,0.8943089430894309,105.0,1,0.003914112315002548,1957681,1,0.8942307692307693,62.0,0,0.003914103538152888,7.817385866160098e-05
2816081,1,0.9489795918367347,60.0,1,0.003920255181192805,2392146,1,0.9489795918367347,68.0,0,0.003920255181192805,0.0
2975838,1,0.89662027833002,70.0,1,0.003914371825467749,4097633,1,0.8965853658536586,74.0,0,0.0039143679054619174,3.491247636144834e-05
3019099,1,1.02803738317757,70.0,1,0.003929155206157533,3169615,1,1.02803738317757,96.0,0,0.003929155206157533,0.0
3076371,1,0.979381443298969,70.0,1,0.003923675327107067,2042649,1,0.979381443298969,74.0,0,0.003923675327107067,0.0
3127312,1,0.925531914893617,81.0,1,0.003917619394098625,1978177,1,0.925531914893617,74.0,0,0.003917619394098625,0.0
3347997,1,0.9204545454545454,69.0,1,0.00391704887224121,2024722,1,0.9204545454545454,75.0,0,0.00391704887224121,0.0
3643523,1,0.9741379310344828,56.0,1,0.003923085230710308,3866339,1,0.9741379310344828,68.0,0,0.003923085230710308,0.0
3676330,1,0.9026548672566372,92.0,1,0.003915049453568047,3440485,1,0.9026548672566372,90.0,0,0.003915049453568047,0.0
3732801,1,0.8804347826086957,70.0,1,0.003912554921950684,1109688,1,0.8804347826086957,77.0,0,0.003912554921950684,0.0
3948605,1,0.9509803921568628,108.0,1,0.003920480175812159,2131539,1,0.9509803921568628,102.0,0,0.003920480175812159,0.0
3977079,1,0.9252336448598132,64.0,1,0.003917585876507688,2094774,1,0.9252336448598132,60.0,0,0.003917585876507688,0.0
3982297,1,0.9595959595959596,106.0,1,0.0039214491632281225,1072038,1,0.9595959595959596,38.0,0,0.0039214491632281225,0.0
4082793,1,1.0,72.0,1,0.003925996563618696,1395092,1,1.0,84.0,0,0.003925996563618696,0.0
4165867,1,0.9134615384615384,86.0,1,0.0039162632340292184,1168318,1,0.9134615384615384,62.0,0,0.0039162632340292184,0.0
4218228,1,0.9705882352941176,76.0,1,0.0039226858038655995,2707171,1,0.9705882352941176,86.0,0,0.0039226858038655995,0.0
4241057,1,0.9807692307692308,60.0,1,0.003923831521261998,1098655,1,0.9807692307692308,92.0,0,0.003923831521261998,0.0
4344927,1,0.9428571428571428,74.0,1,0.0039195667775476966,1187171,1,0.9428571428571428,54.0,0,0.0039195667775476966,0.0
4358562,1,0.8979591836734694,92.0,1,0.003914522161975283,2411754,1,0.8979591836734694,76.0,0,0.003914522161975283,0.0
4851688,1,0.9270833333333334,69.0,1,0.003917793736730506,3304365,1,0.9270833333333334,88.0,0,0.003917793736730506,0.0
5083736,1,0.941747572815534,100.0,1,0.003919442031199902,2594132,1,0.941747572815534,53.0,0,0.003919442031199902,0.0
5089484,1,0.8631578947368421,64.0,1,0.003910616431052867,2847608,1,0.8631578947368421,85.0,0,0.003910616431052867,0.0
5116684,1,1.0098039215686274,84.0,1,0.003927100768592757,5278340,1,1.0098039215686274,56.0,0,0.003927100768592757,0.0
5242806,1,0.9320388349514565,79.0,1,0.003918350669332503,2558192,1,0.9320388349514565,70.0,0,0.003918350669332503,0.0
5343013,1,0.903846153846154,93.0,1,0.003915183237759783,2323914,1,0.903846153846154,65.0,0,0.003915183237759783,0.0
5489069,1,0.9107142857142856,94.0,1,0.003915954633390119,1422968,1,0.9107142857142856,66.0,0,0.003915954633390119,0.0
5574596,1,0.9183673469387756,88.0,1,0.003916814366851169,1167750,1,0.9183673469387756,54.0,0,0.003916814366851169,0.0
5634335,1,1.032520325203252,97.0,1,0.003929660481229123,1224989,1,1.0326086956521738,47.0,0,0.0039296704421656215,8.837044892184842e-05
5653128,1,0.9714285714285714,62.0,1,0.003922780358397595,4334784,1,0.9714285714285714,74.0,0,0.003922780358397595,0.0
5829084,1,0.7714285714285715,77.0,1,0.0039003402853918807,3187437,1,0.7714285714285715,73.0,0,0.0039003402853918807,0.0
5843914,1,0.9140096618357488,65.0,1,0.003916324807973232,2224705,1,0.913978494623656,95.0,0,0.003916321306749902,3.11672120928419e-05
5898918,1,0.904403866809882,54.0,1,0.0039152458717582,2267144,1,0.9043478260869564,96.0,0,0.003915239578055283,5.6040722925643216e-05
5903027,1,0.9198396793587176,89.0,1,0.003916979788037993,1510877,1,0.92,60.0,0,0.003916997800987346,0.00016032064128246315
5910991,1,0.9629629629629628,114.0,1,0.00392182791279266,4442358,1,0.9629629629629628,87.0,0,0.00392182791279266,0.0
5951727,1,1.0206185567010309,87.0,1,0.003928319167952275,1157955,1,1.0206185567010309,74.0,0,0.003928319167952275,0.0
6023201,1,0.8969072164948454,66.0,1,0.0039144040433041465,1978982,1,0.8969072164948454,50.0,0,0.0039144040433041465,0.0
