index_disease,gender_disease,waist_to_hip_ratio_disease,hgs_left_disease,disease_disease,propensity_scores_disease,index_control,gender_control,waist_to_hip_ratio_control,hgs_left_control,disease_control,propensity_scores_control,distance
1000505,0,0.729064039408867,18.0,1,0.0011827350921445588,5939081,0,0.7289719626168224,24.0,0,0.0011826906625320916,9.207679204459307e-05
1246564,0,0.991869918699187,22.0,1,0.0013165874695561708,1826757,0,0.991869918699187,7.0,0,0.0013165874695561708,0.0
1350259,0,0.8532110091743119,20.0,1,0.0012441817057248347,1470027,0,0.8532110091743119,18.0,0,0.0012441817057248347,0.0
1872273,0,0.801980198019802,38.0,1,0.0012184477585402197,2289735,0,0.801980198019802,22.0,0,0.0012184477585402197,0.0
2218036,0,0.9904761904761904,23.0,1,0.0013158391461504213,5869918,0,0.9904761904761904,22.0,0,0.0013158391461504213,0.0
2359749,0,0.8691588785046729,20.0,1,0.0012523027998469433,5167210,0,0.8691588785046729,28.0,0,0.0012523027998469433,0.0
2453494,0,0.717391304347826,22.0,1,0.0011771159420409115,2175082,0,0.717391304347826,24.0,0,0.0011771159420409115,0.0
2742352,0,0.8118811881188119,24.0,1,0.001223379375820206,1173173,0,0.8118811881188119,18.0,0,0.001223379375820206,0.0
2909676,0,0.9,8.0,1,0.0012681584400034511,1754426,0,0.9,28.0,0,0.0012681584400034511,0.0
3002352,0,0.826530612244898,20.0,1,0.0012307127504354895,1527512,0,0.826530612244898,22.0,0,0.0012307127504354895,0.0
3322352,0,0.7604166666666666,26.0,1,0.0011979609467560306,1662128,0,0.7604166666666666,34.0,0,0.0011979609467560306,0.0
3814115,0,0.8380952380952381,16.0,1,0.0012365328988757564,2270962,0,0.8380952380952381,14.0,0,0.0012365328988757564,0.0
4199756,0,0.8207547169811321,22.0,1,0.0012278161592098906,2760228,0,0.8207547169811321,24.0,0,0.0012278161592098906,0.0
4787989,0,0.7222222222222222,14.0,1,0.001179438261174438,2946397,0,0.7222222222222222,28.0,0,0.001179438261174438,0.0
4847434,0,0.875,16.0,1,0.0012552904878843387,1308628,0,0.875,22.0,0,0.0012552904878843387,0.0
5044035,0,0.908256880733945,18.0,1,0.00127243728055729,4142083,0,0.908256880733945,20.0,0,0.00127243728055729,0.0
5346381,0,0.98989898989899,16.0,1,0.0013155293588357326,1282614,0,0.98989898989899,14.0,0,0.0013155293588357326,0.0
5710750,0,0.8504672897196262,16.0,1,0.0012427898408579486,1546281,0,0.8504672897196262,24.0,0,0.0012427898408579486,0.0
5850745,0,0.7428571428571429,22.0,1,0.001189409512759783,2561569,0,0.7428571428571429,30.0,0,0.001189409512759783,0.0
